Yes
6 1 -3
1 -3 6
Yes
2 2 6
2 6 2
No
Yes
3 -9 7 -4 6 -2
-9 7 -4 6 3 -2
Yes
-50
-50
Yes
49 -189 43 69 -219 75 -211 67 -205 69 -211 71 -209 69 -211 69 -207 67 -215 69 -217 79 -229 91 -239 103 -241 349 -489 349 -497 353 -491 341 -479 335 -479 331 -475 331 -475 331 -467 327 -469 319 -461 321 -459 323 -461 317 -465 319 -461 317 -457 313 -461 319 -201 51 -197 55 -195 45 -183 41 -189 -71
-189 43 69 -219 75 -211 67 -205 69 -211 71 -209 69 -211 69 -207 67 -215 69 -217 79 -229 91 -239 103 -241 349 -489 349 -497 353 -491 341 -479 335 -479 331 -475 331 -475 331 -467 327 -469 319 -461 321 -459 323 -461 317 -465 319 -461 317 -457 313 -461 319 -201 51 -197 55 -195 45 -183 41 -189 49 -71
Yes
-54 189 -46 181 -38 181 -314 449 -312 447 -308 451 -314 455 -314 451 -314 168 -25 172 -29 176 -37 178 -43 192 -44 189 -46 191 -46 189 -54 195 -58 205 -70 207 -70 209 -354 491 -356 491 -348 483 -344 196 -59 198 -53 198 -60 199 -62 205 -68 213 -76 215 -80 218 -73 214 -65 212 -67 -60 201
189 -46 181 -38 181 -314 449 -312 447 -308 451 -314 455 -314 451 -314 168 -25 172 -29 176 -37 178 -43 192 -44 189 -46 191 -46 189 -54 195 -58 205 -70 207 -70 209 -354 491 -356 491 -348 483 -344 196 -59 198 -53 198 -60 199 -62 205 -68 213 -76 215 -80 218 -73 214 -65 212 -67 -60 201 -54
No
Yes
-54 99 -229 301 -163 77 -209 64 -192 305 -217 283 -415 561 -476 621 -502 581 -647 578 -619 607 -732 760 -745 690 -802 695 -636 564 -496 428 -280 207 -129 192 -141 238 -310 224 -285 214 -259 348 -283 412 -269 305 -292 433 -489 340 -367 491 -383 429 -372 284 -175 28 68 26 -47
99 -229 301 -163 77 -209 64 -192 305 -217 283 -415 561 -476 621 -502 581 -647 578 -619 607 -732 760 -745 690 -802 695 -636 564 -496 428 -280 207 -129 192 -141 238 -310 224 -285 214 -259 348 -283 412 -269 305 -292 433 -489 340 -367 491 -383 429 -372 284 -175 28 68 26 -47 -54
Yes
145 157 169 0 -10 179 185 -22 -30 195 -42 -50 203 205 -60 209 215 493 -62 499 503 505 -66 507 -72 519 -344 -352 -360 -362 -364 525 529 537 543 551 559 569 577 583 -372 -380 -386 -390 -398 587 -406 -416 -420 327 339 -428 347 355 -440 377 -444 -450 -192 -200 115 127 -206 -502 -240 133 20 14 4 139
-10 -22 -30 145 157 -42 -50 169 179 -60 185 195 -62 -66 203 -72 -344 -352 205 -360 -362 -364 209 -372 215 -380 493 499 503 505 507 -386 -390 -398 -406 -416 -420 -428 -440 -444 519 525 529 537 543 -450 551 559 569 -192 -200 577 -206 -502 583 -240 587 327 339 347 20 14 355 377 115 4 127 133 139 0
Yes
0 140 164 336 576 682 814 796 662 522 412 -5 332 -35 166 198 30 56 44 100 156 204 10 -66 -120 -235 -457 -174 -60 -112 -569 -52 -6 -68 -769 -703 30 -739 -605 -403 -443 -279 -83 -49 -81 -51 -185 -135 -113 -111 79 -15 221 25 109 31 -59 43 119 -111
-5 -35 -235 -457 -569 -769 -703 -739 -605 -403 -443 140 -279 164 -83 -49 -81 -51 -185 -135 -113 -111 79 -15 221 336 576 25 109 31 682 -59 43 119 814 796 -111 662 522 412 332 166 198 30 56 44 100 156 204 10 -66 -120 -174 -60 -112 -52 -6 -68 30 0
Yes
-341 200 -347 406 -365 426 -507 644 -787 838 -971 1099 -950 855 -930 1071 -928 925 -1014 939 -1070 1067 -1014 881 -892 817 -670 735 -698 631 -650 689 -604 705 -600 607 -532 393 -246 133 -184 159 -144 137 -90 -57 106 -211 218 -277 412 -323 462 -447 550 -405 506 -479 344 -471 376 -515 456
200 -347 406 -365 426 -507 644 -787 838 -971 1099 -950 855 -930 1071 -928 925 -1014 939 -1070 1067 -1014 881 -892 817 -670 735 -698 631 -650 689 -604 705 -600 607 -532 393 -246 133 -184 159 -144 137 -90 -57 106 -211 218 -277 412 -323 462 -447 550 -405 506 -479 344 -471 376 -515 456 -341
Yes
0 104 174 98 120 -18 126 140 192 264 368 288 334 296 256 302 446 388 404 432 512 610 410 196 110 3 4 36 -144 44 -183 34 -56 -171 -93 -41 9 -53 -257 -303 -311 -327 -213 -263 -305 -335 -327 -471 -303 -381 -375 -531 -507 -287 -83 33 15 99 39 97 93 -41
3 -183 -171 -93 -41 9 -53 -257 -303 -311 -327 -213 -263 -305 -335 -327 -471 -303 -381 -375 -531 -507 -287 -83 33 104 15 99 39 97 174 93 -41 98 120 -18 126 140 192 264 368 288 334 296 256 302 446 388 404 432 512 610 410 196 110 4 36 -144 44 34 -56 0
Yes
0 -70 -92 -376 -518 -540 -61 -744 -17 -628 -432 227 -360 -454 -298 -180 -174 -304 -360 -426 -296 379 -94 70 -50 186 194 92 314 332 360 160 176 148 284 393 621 156 216 166 94 733 505 409 371 361 295 245 307 305 357 385 171 -17 -7 -71 -147 -137 -175 -187 -263 -269 -169 -117 -137 -167 -177 -297 -113 -119
-61 -17 227 379 393 621 -70 733 -92 505 409 -376 371 361 295 245 307 305 357 385 171 -518 -17 -7 -71 -147 -137 -175 -187 -263 -269 -169 -117 -137 -167 -540 -744 -177 -297 -113 -119 -628 -432 -360 -454 -298 -180 -174 -304 -360 -426 -296 -94 70 -50 186 194 92 314 332 360 160 176 148 284 156 216 166 94 0
Yes
0 14 135 -238 125 -488 373 353 -206 343 337 -200 -194 -186 -178 -168 335 327 -160 -152 313 -146 -142 307 297 -136 -130 -118 291 -106 -102 -90 285 279 -84 -76 -68 -330 275 267 253 -326 245 -320 239 231 -308 -300 -292 223 217 203 469 465 -288 455 447 435 433 153 -6 147
135 125 14 373 -238 353 -488 -206 343 -200 -194 337 335 327 313 307 -186 -178 297 291 -168 285 279 -160 -152 275 267 253 -146 245 239 231 -142 -136 223 217 203 469 -130 -118 -106 465 -102 455 -90 -84 447 435 433 -76 -68 -330 -326 -320 153 -308 -300 -292 -288 -6 147 0
Yes
141 135 129 119 0 111 4 8 103 16 26 97 377 34 44 371 73 65 57 -238 -234 -222 72 53 45 78 88 37 23 19 96 102 13 112 5 -1 120 128 -15 -23 249 132 142 150 164 -114 -104 -96 -90 245 -86 -74 237 229 -66 223 213 -62 205 201 -52 -38 187 -28 -16 -6 173 165 151 145
4 8 16 26 141 34 135 129 44 119 111 -238 -234 103 97 -222 72 78 88 377 371 73 65 96 102 57 53 112 120 128 45 37 132 23 142 150 19 13 164 -114 -104 5 -1 -15 -23 249 245 237 229 -96 223 213 -90 -86 205 -74 -66 201 -62 -52 187 173 -38 165 151 145 -28 -16 -6 0
No
No
No
Yes
75 75 75 75 75 75 75 75 75 75 75 75 75 75 75 75 75 75 75 75 75 75 75 75 75 75 75 75 75 75 75 75 75 75 75 75 75 75 75 75 75 75 75 75 75 75 75 75 75 75 75 75 75 75 75 75 75 75 75 75 75 75 75 75 75 75 75 75 75 75
75 75 75 75 75 75 75 75 75 75 75 75 75 75 75 75 75 75 75 75 75 75 75 75 75 75 75 75 75 75 75 75 75 75 75 75 75 75 75 75 75 75 75 75 75 75 75 75 75 75 75 75 75 75 75 75 75 75 75 75 75 75 75 75 75 75 75 75 75 75
No
Yes
400 -356 387 -368 259 -154 261 -222 241 -238 321 -432 379 -394 358 -389 444 -557 616 -515 472 -569 421 -414 493 -578 447 -311 240 -275 132 -209 146 -5 -18 3 -78 159 -202 147 -166 199 -230 207 -60 151 -128 245 -356 323 -448 529 -418 552 -505 356 -335 452 -535 424 -539 438 -301
-356 387 -368 259 -154 261 -222 241 -238 321 -432 379 -394 358 -389 444 -557 616 -515 472 -569 421 -414 493 -578 447 -311 240 -275 132 -209 146 -5 -18 3 -78 159 -202 147 -166 199 -230 207 -60 151 -128 245 -356 323 -448 529 -418 552 -505 356 -335 452 -535 424 -539 438 -301 400
No
Yes
-304 205 -128 45 10 -109 228 -300 208
205 -128 45 10 -109 228 -300 208 -304
Yes
-62 207 -64 207 -68 203 -62 207 -68 211 -64 205 -68 211 -70 209 -62 205 -58 197 -339 482 -337 221 -78 215 -74 213 -68 207 -70 213 -76 213 -66 213 -66 201 -66 215 -70 213 -74 217 -72 213 -72 217 -68 -45 188 -43 180 -43 182 -308 181 -42 187 -40 181 -40 185 -38 181 -44 191 -56 199
207 -64 207 -68 203 -62 207 -68 211 -64 205 -68 211 -70 209 -62 205 -58 197 -339 482 -337 221 -78 215 -74 213 -68 207 -70 213 -76 213 -66 213 -66 201 -66 215 -70 213 -74 217 -72 213 -72 217 -68 -45 188 -43 180 -43 182 -308 181 -42 187 -40 181 -40 185 -38 181 -44 191 -56 199 -62
Yes
0 192 242 242 280 406 314 448 340 386 528 558 522 474 -53 354 516 418 450 -119 474 494 710 546 590 522 538 546 300 406 384 452 -117 194 84 -181 -327 -257 -357 -351 -429 -495 -431 -525 -565 -373 -469 -511 -313 -551 -557 -575 -689 -579 -563 -533 -451 -429 -431 -289 -319 -319 -205 -33
-53 -119 -117 -181 -327 -257 -357 -351 -429 -495 -431 -525 -565 -373 192 -469 -511 -313 -551 242 -557 -575 -689 -579 -563 -533 -451 -429 -431 -289 -319 -319 242 -205 -33 280 406 314 448 340 386 528 558 522 474 354 516 418 450 474 494 710 546 590 522 538 546 300 406 384 452 194 84 0
Yes
0 8 139 18 24 26 131 123 -214 -202 119 109 -194 351 -186 339 -180 -170 -162 331 327 317 309 301 -154 -142 -138 -404 -396 291 285 -392 -108 277 -104 541 -100 -88 537 253 -362 -360 251 -348 245 237 225 505 497 -60 -48 209 -46 -42 195 191 189 183 -34 -26 171 -12 161 149 -2 145
139 131 8 123 119 109 18 24 351 339 26 -214 331 -202 327 -194 317 309 301 -186 -180 -170 -162 -154 291 285 277 541 537 -142 -138 253 251 -404 245 -396 237 225 -392 -108 505 497 -104 209 -100 -88 -362 -360 -348 195 191 -60 189 183 -48 -46 -42 -34 171 161 -26 149 -12 -2 145 0
Yes
327 -311 337 -366 291 -245 333 -299 300 -285 200 -241 108 -50 -31 101 -120 65 -56 38 -33 76 -68 72 -36 -33 -27 39 61 29 -146 59 -138 248 -165 72 -11 115 -215 151 -272 317 -367 275 -228 134 -138 144 -138 65 -27 160 -127 127 -166 183 -52 -89 -60 29 -139 152 -279 359 -448
-311 337 -366 291 -245 333 -299 300 -285 200 -241 108 -50 -31 101 -120 65 -56 38 -33 76 -68 72 -36 -33 -27 39 61 29 -146 59 -138 248 -165 72 -11 115 -215 151 -272 317 -367 275 -228 134 -138 144 -138 65 -27 160 -127 127 -166 183 -52 -89 -60 29 -139 152 -279 359 -448 327
Yes
-85 160 -76 142 -28 -40
160 -76 142 -40 -28 -85
Yes
135 0 123 371 645 12 355 -232 -508 -496 347 337 331 -210 -200 323 -192 315 303 -184 293 287 -178 -168 -154 285 -152 271 -146 269 -136 -130 265 -128 -124 261 -120 257 -114 249 243 -104 229 217 205 -94 197 191 -82 -70 -58 -52 187 -48 -38 -26 175 165 157 -20 -10 147
12 135 -232 -508 -496 123 -210 371 645 355 -200 -192 -184 347 337 -178 331 -168 -154 323 -152 -146 315 303 293 -136 287 -130 285 -128 271 269 -124 265 261 -120 257 -114 249 -104 -94 243 -82 -70 -58 229 -52 -48 217 205 197 191 -38 187 175 165 -26 -20 -10 157 147 0
Yes
0 -14 -146 -85 -222 -352 -338 -468 -658 -656 -594 -390 -168 -160 82 278 300 180 24 -136 -304 -110 -112 -90 -132 32 150 170 274 137 392 177 326 144 263 335 375 585 773 725 447 293 143 35 -151 -279 -201 -125 61 213 185 79 27 107 83 -57 -91 -247 -389 -299 -271 -117
-85 137 177 -14 263 335 375 585 773 725 447 293 143 35 -151 -279 -201 -125 61 213 185 79 27 107 83 -57 -91 -247 -389 -146 -299 -222 -271 -117 -352 -338 -468 -658 -656 -594 -390 -168 -160 82 278 300 180 24 -136 -304 -110 -112 -90 -132 32 150 170 274 392 326 144 0
Yes
0 -40 208 168 228 266 90 -50 -10 -172 -60 -302 -410 -302 -484 -592 -722 -740 -568 -348 -474 -284 -174 53 -78 -60 58 20 -182 -164 -77 -158 -67 -93 -156 -227 -219 7 37 31 163 171 421 307 451 483 683 751 609 421 387 409 289 47 191 -63 -137 61 207 85 131 7
53 -77 -67 -93 -227 -219 7 37 31 163 171 421 307 451 483 683 751 609 421 387 409 289 47 -40 191 -63 -137 61 207 85 208 131 168 228 7 266 90 -50 -10 -172 -60 -302 -410 -302 -484 -592 -722 -740 -568 -348 -474 -284 -174 -78 -60 58 20 -182 -164 -158 -156 0
Yes
-347 487 -340 483 -335 482 -332 477 -333 478 -339 479 -340 483 -335 471 -330 467 -327 184 -43 -106 249 -99 243 -102 241 -106 250 -112 253 -114 257 -116 263 -116 259 -123 264 -119 268 -125 263 -113 258 -110 251 -108 250 -112 248 -107 254 -110 260 -115 256 -379 514 -365 507 -358 496 -347 490 -341 484 74
487 -340 483 -335 482 -332 477 -333 478 -339 479 -340 483 -335 471 -330 467 -327 184 -43 -106 249 -99 243 -102 241 -106 250 -112 253 -114 257 -116 263 -116 259 -123 264 -119 268 -125 263 -113 258 -110 251 -108 250 -112 248 -107 254 -110 260 -115 256 -379 514 -365 507 -358 496 -347 490 -341 484 -347 74
No
Yes
139 131 123 119 0 8 107 14 101 20 28 36 93 79 46 73 56 63 61 47 35 66 72 27 15 78 88 9 100 1 112 122 -1 -13 130 -17 209 138 203 140 191 150 185 154 173 -72 -66 169 -54 -48 -38 165 159 -30 -28 157 -24 -18 153 -16 -10 149
8 14 20 28 139 131 36 123 46 119 107 101 56 66 93 72 79 78 88 100 112 73 63 122 130 61 47 138 35 140 27 15 150 154 9 -72 -66 1 -54 -1 -48 -13 -38 -17 -30 209 203 -28 191 185 173 -24 -18 169 165 -16 159 157 -10 153 149 0
No
Yes
218 -347 240 -345 396 -315 346 -203 284 -372 387 -258 235 -140 285 -434 391 -522 619 -582 507 -466 351 -329 346 -341 314 -171 150 -231 370 -509 612 -583 474 -351 216 -265 396 -475 374 -303 326 -197 192 -337 348 -244 257 -270 217 -142 65 14 -63 -36 -13 26 -51 132 -233 232 -129 -20 -99
-347 240 -345 396 -315 346 -203 284 -372 387 -258 235 -140 285 -434 391 -522 619 -582 507 -466 351 -329 346 -341 314 -171 150 -231 370 -509 612 -583 474 -351 216 -265 396 -475 374 -303 326 -197 192 -337 348 -244 257 -270 217 -142 65 14 -63 -36 -13 26 -51 132 -233 232 -129 -20 -99 218
Yes
-68 165 -103 66 81
165 -103 66 81 -68
Yes
0 35 94 354 506 582 848 904 968 1108 1012 1032 886 -213 670 776 842 844 -393 646 -459 442 330 234 -26 -78 -118 -114 -731 -206 -178 -785 -304 -142 -44 -30 -10 -933 -50 -144 -989 -1123 -939 -929 -813 -701 -797 -745 -791 -561 -341 -233 -113 -43 89 69 171 289 285 263 19 65 105 -29 63 111
35 94 -213 -393 -459 -731 -785 -933 -989 -1123 -939 -929 -813 354 -701 -797 -745 -791 506 -561 582 -341 -233 -113 -43 89 69 171 848 289 285 904 263 19 65 105 -29 968 63 111 1108 1012 1032 886 670 776 842 844 646 442 330 234 -26 -78 -118 -114 -206 -178 -304 -142 -44 -30 -10 -50 -144 0
Yes
0 84 -132 -384 -164 -104 -70 174 160 266 122 84 -81 -22 -16 -2 54 146 274 5 332 394 526 624 792 718 582 474 470 536 312 236 257 210 301 71 103 -77 -225 -251 -203 -231 49 -53 27 -13 -111 -187 -315 -395 -405 -521 -681 -831 -593 -469 -497 -527 -455 -307 -313 -113
-81 5 257 301 71 103 -77 -225 -251 -203 -231 49 84 -53 27 -13 -111 -187 -315 -132 -395 -405 -521 -681 -831 -593 -469 -497 -527 -455 -307 -313 -384 -113 -164 -104 -70 174 160 266 122 84 -22 -16 -2 54 146 274 332 394 526 624 792 718 582 474 470 536 312 236 210 0
Yes
-75 -75 -75 -75 -75 -75 -75 -75 -75 -75 -75 -75 -75 -75 -75 -75 -75 -75 -75 -75 -75 -75 -75 -75 -75 -75 -75 -75 -75 -75 -75 -75 -75 -75 -75 -75 -75 -75 -75 -75 -75 -75 -75 -75 -75 -75 -75 -75 -75 -75 -75 -75 -75 -75 -75 -75 -75 -75 -75 -75 -75 -75 -75 -75 -75 -75 -75 -75 -75
-75 -75 -75 -75 -75 -75 -75 -75 -75 -75 -75 -75 -75 -75 -75 -75 -75 -75 -75 -75 -75 -75 -75 -75 -75 -75 -75 -75 -75 -75 -75 -75 -75 -75 -75 -75 -75 -75 -75 -75 -75 -75 -75 -75 -75 -75 -75 -75 -75 -75 -75 -75 -75 -75 -75 -75 -75 -75 -75 -75 -75 -75 -75 -75 -75 -75 -75 -75 -75
Yes
0 50 -42 -98 -336 -276 -140 -294 -120 -264 -109 -84 -320 -386 -474 -512 -704 -448 -396 -250 -260 -160 -168 -6 122 232 -107 226 180 128 142 66 170 55 193 270 197 177 223 209 213 151 225 341 343 523 641 563 311 357 299 117 57 91 -85 -163 -147 -195 -233 -173 -53 -25 -195 -123
-109 -107 55 193 197 177 223 209 213 151 50 225 341 343 523 641 563 311 357 299 117 57 91 -85 -163 -147 -42 -195 -233 -173 -53 -25 -195 -98 -336 -123 -276 -140 -294 -120 -264 -84 -320 -386 -474 -512 -704 -448 -396 -250 -260 -160 -168 -6 122 232 226 180 128 142 66 170 270 0
No
Yes
-117 20 115 -129 206 -341 355 -444 591 -650 710 -659 638 -579 463 -470 543 -520 491 -512 575 -528 425 -378 385 -518 539 -398 467 -488 485 -572 437 -516 557 -438 349 -298 149 -296 187 -92 107 2 -141 146 -61 -60 -7 131 -84 141 -172 139 -264 185 -98 193 -188 297 -338 375 -280 293 -160 79 44 -121 130
20 115 -129 206 -341 355 -444 591 -650 710 -659 638 -579 463 -470 543 -520 491 -512 575 -528 425 -378 385 -518 539 -398 467 -488 485 -572 437 -516 557 -438 349 -298 149 -296 187 -92 107 2 -141 146 -61 -60 -7 131 -84 141 -172 139 -264 185 -98 193 -188 297 -338 375 -280 293 -160 79 44 -121 130 -117
Yes
475 -520 403 -332 379 -384 453 -486 433 -306 277 -276 405 -490 359 -312 162 -75 -20 -123 -16 107 -194 217 -98 71 12 125 -268 195 -170 311 -288 397 -412 495 -520 563 -588 463 -514 387 -534 567 -706 838 -761 704 -629 708 -581 614 -602 569 -548 623 -616 679 -43 -650 613 -534
-520 403 -332 379 -384 453 -486 433 -306 277 -276 405 -490 359 -312 162 -75 -20 -123 -16 107 -194 217 -98 71 12 125 -268 195 -170 311 -288 397 -412 495 -520 563 -588 463 -514 387 -534 567 -706 838 -761 704 -629 708 -581 614 -602 569 -548 623 -616 679 -650 -43 613 -534 475
Yes
-276 421 -278 427 -282 421 -284 425 -290 155 -16 161 -18 159 -16 155 -16 161 -20 169 -20 -75 222 -87 222 -81 -42 189 -44 189 -54 197 -56 205 -62 -47 190 -45 188 -43 186 -49 188 -45 188 -47 188 -318 455 -312 453 -312 447 -304 443 -294 437 -294 443 -298 447 -310 451 -306 445 -300 437 -288 423
421 -278 427 -282 421 -284 425 -290 155 -16 161 -18 159 -16 155 -16 161 -20 169 -20 -75 222 -87 222 -81 -42 189 -44 189 -54 197 -56 205 -62 -47 190 -45 188 -43 186 -49 188 -45 188 -47 188 -318 455 -312 453 -312 447 -304 443 -294 437 -294 443 -298 447 -310 451 -306 445 -300 437 -288 423 -276
Yes
84 -225 86 -227 89 -225 88 -223 83 -232 91 -228 79 -219 80 -228 81 -226 83 -218 68 -204 66 -209 74 -218 71 -207 63 -200 55 -190 48 -194 57 91 -226 78 -213 77 -224 79 -225 88 -229 82 -232 84 -226 87 -229 82 -231 89 -224 79 -220 76 -216 74 -219 70 -210 73 -210 75 -225 80 -71 -219
-225 86 -227 89 -225 88 -223 83 -232 91 -228 79 -219 80 -228 81 -226 83 -218 68 -204 66 -209 74 -218 71 -207 63 -200 55 -190 48 -194 57 91 -226 78 -213 77 -224 79 -225 88 -229 82 -232 84 -226 87 -229 82 -231 89 -224 79 -220 76 -216 74 -219 70 -210 73 -210 75 -225 80 -219 -71 84
Yes
0 0 0 0 0 0 0 0 0 0 0 0 0 0 0 0 0 0 0 0 0 0 0 0 0 0 0 0 0 0 0 0 0 0 0 -149 -149 -149 -149 -149 -149 -149 -149 -149 -149 -149 -149 -149 -149 -149 -149 -149 -149 -149 -149 -149 -149 -149 -149 -149 -149 -149 -149 -149 -149 -149 -149 -149 -149 -149
-149 -149 -149 -149 -149 -149 -149 -149 -149 -149 -149 -149 -149 -149 -149 -149 -149 -149 -149 -149 -149 -149 -149 -149 -149 -149 -149 -149 -149 -149 -149 -149 -149 -149 -149 0 0 0 0 0 0 0 0 0 0 0 0 0 0 0 0 0 0 0 0 0 0 0 0 0 0 0 0 0 0 0 0 0 0 0
Yes
0 10 139 -256 -250 125 -242 393 -236 -230 -228 389 -220 70 383 76 373 82 371 367 86 94 75 69 65 57 106 120 128 140 51 146 41 29 19 7 152 1 -110 -100 -96 -7 -11 -94 247 -82 241 -70 237 -62 -52 229 -42 217 211 199 187 -38 -26 -20 183 173 167 -10 157 149
139 125 10 393 389 -256 383 -250 373 371 367 -242 75 69 -236 65 -230 57 -228 -220 51 41 70 76 82 86 29 19 7 1 94 -7 106 120 128 140 -11 146 247 241 237 152 -110 229 -100 217 -96 211 -94 199 187 -82 183 -70 -62 -52 -42 173 167 157 -38 -26 -20 149 -10 0
Yes
0 54 240 346 194 464 352 148 134 52 250 286 230 356 69 406 -107 226 92 354 148 -122 -78 182 136 -30 -24 -14 98 226 80 156 -239 -20 -275 -333 -323 -255 -157 -165 -201 -215 -143 -333 -333 -281 -205 -213 -287 -21 133 -61 -219 -51 13 29 31 -113 -189 -139 -89 39
69 -107 -239 -275 -333 -323 -255 -157 -165 -201 -215 -143 -333 -333 54 -281 240 -205 -213 -287 -21 133 -61 -219 -51 13 29 31 -113 -189 -139 -89 346 39 194 464 352 148 134 52 250 286 230 356 406 226 92 354 148 -122 -78 182 136 -30 -24 -14 98 226 80 156 -20 0
Yes
0 10 135 22 127 30 115 107 42 97 87 52 75 60 72 76 67 86 88 96 63 110 55 -150 -144 53 -132 -126 39 25 -120 -110 -108 -102 291 -94 -82 279 269 265 -74 -60 -52 255 251 -48 249 239 -42 231 223 -34 209 -26 -16 195 191 189 177 173 161 153 -10 145
135 127 10 115 22 107 30 42 97 52 60 87 72 75 67 63 76 55 53 39 86 25 88 291 279 96 269 265 110 -150 255 251 249 239 -144 231 223 -132 -126 -120 209 195 191 -110 -108 189 -102 -94 177 -82 -74 173 -60 161 153 -52 -48 -42 -34 -26 -16 -10 145 0
Yes
40 -190 45 -192 53 -199 315 -454 305 -452 304 -452 317 -465 321 -466 318 -465 328 -471 330 -474 335 -472 325 -467 324 -186 43 -187 42 -191 46 -195 50 73 -219 70 -213 64 -207 307 -194 52 -192 45 -184 49 -188 50 -189 46 -188 47 -185 39 -179 40 -182 39 -180 39 -181 -74 38 -187
-190 45 -192 53 -199 315 -454 305 -452 304 -452 317 -465 321 -466 318 -465 328 -471 330 -474 335 -472 325 -467 324 -186 43 -187 42 -191 46 -195 50 73 -219 70 -213 64 -207 307 -194 52 -192 45 -184 49 -188 50 -189 46 -188 47 -185 39 -179 40 -182 39 -180 39 -181 38 -74 -187 40
No
Yes
0 -6 -18 -128 -124 -16 -12 -115 242 -49 374 328 140 -86 -106 158 158 266 410 404 522 570 762 760 718 602 464 672 574 600 -13 654 514 468 352 200 145 53 73 -117 -241 -397 -213 -9 177 -13 -271 -203 -413 -299 -443 -549 -659 -771 -853 -701 -509 -529 -585 -525 -737 -573 -471 -443 -233 -147
-115 -49 -13 145 53 73 -117 -6 -241 -18 -397 -213 -9 177 -13 -271 -203 -413 -299 -443 -549 -659 -771 -853 -701 -509 -529 -585 -525 -737 -128 -573 -471 -443 -233 -147 -124 -16 -12 242 374 328 140 -86 -106 158 158 266 410 404 522 570 762 760 718 602 464 672 574 600 654 514 468 352 200 0
Yes
0 -226 85 83 -224 77 65 -212 -200 -198 -186 57 -184 51 -178 -174 -164 -156 43 41 -152 35 -138 25 -130 19 11 -124 3 -118 -9 -17 -108 -19 -102 -27 -39 -47 -94 -88 -51 -59 -78 -72 -67 -64 -71 -79 -62 -81 -83 -60 -52 -95 -97 -105 -46 -40 -36 -36 -28 143 -20 -113 -119 -10 -125 107
85 83 -226 -224 77 -212 -200 65 57 51 43 -198 41 -186 35 25 19 11 -184 -178 3 -174 -9 -164 -17 -156 -152 -19 -138 -27 -130 -124 -39 -118 -47 -108 -102 -94 -51 -59 -88 -78 -67 -71 -72 -79 -64 -62 -81 -60 -52 -83 -95 -46 -40 -36 -97 -105 143 -113 -119 -36 -125 -28 -20 107 -10 0
Yes
-143 -147 0 -153 2 8 -163 14 -169 22 -177 30 -183 36 -193 -205 -209 -215 46 56 66 68 -223 -229 76 86 88 -231 -241 92 106 -255 118 -267 -279 130 144 152 -291 160 170 -301 -307 -313 178 -321 184 -329 192 -335 -347 198 -353 206 -641 498 502 504 -645 -381 242 -127 -8 -137
2 8 -143 14 -147 -153 22 -163 30 -169 36 -177 46 -183 56 66 68 76 -193 -205 -209 -215 86 88 -223 -229 -231 92 106 -241 -255 118 -267 130 144 -279 -291 -301 152 -307 -313 160 170 178 -321 184 -329 192 -335 198 206 -347 498 -353 502 -641 -645 -381 504 242 -127 -8 -137 0
Yes
-702 761 -752 645 -572 669 -608 701 -706 733 -670 583 -494 491 -378 297 -260 133 -244 349 -208 120 -215 344 -207 223 -200 240 -389 250 -397 315 -242 237 -232 129 -66 -17 80 -181 226 -375 424 -507 502 -613 574 -681 700 -748 645 -606 565 -578 433 -558 689 -630 18 671 -624 639 -620 627
761 -752 645 -572 669 -608 701 -706 733 -670 583 -494 491 -378 297 -260 133 -244 349 -208 120 -215 344 -207 223 -200 240 -389 250 -397 315 -242 237 -232 129 -66 -17 80 -181 226 -375 424 -507 502 -613 574 -681 700 -748 645 -606 565 -578 433 -558 689 -630 671 18 -624 639 -620 627 -702
Yes
41
41
Yes
0 38 154 122 -54 6 -2 250 118 21 128 30 -9 -94 -124 -74 168 2 -40 108 -124 -274 -350 -318 -148 -274 -174 -182 -186 -192 -188 -78 -58 98 -33 22 -73 79 -105 -147 -227 -89 -73 -55 189 161 -25 -69 25 -79 -1 187 241 387 263 143 263 171 85 237 125 181 9 3 -155 -143
21 -9 -33 -73 79 -105 -147 -227 -89 38 -73 -55 154 189 161 -25 -69 25 -79 -1 187 241 387 263 143 263 171 85 237 125 181 9 3 -155 122 -143 -54 6 -2 250 118 128 30 -94 -124 -74 168 2 -40 108 -124 -274 -350 -318 -148 -274 -174 -182 -186 -192 -188 -78 -58 98 22 0
Yes
-376 273 -420 439 -482 473 -452 395 -310 405 -414 543 -508 430 -455 324 -238 268 -287 171 -306 207 -314 219 -180 63 -18 24 73 -18 129 -94 29 -23 85 -214 130 -193 135 -284 214 -172 82 -180 175 -184 177 -46 34 -155 249 -384 453 -333 202 -281 392 -363 293 -270 399 -398 -49 497
273 -420 439 -482 473 -452 395 -310 405 -414 543 -508 430 -455 324 -238 268 -287 171 -306 207 -314 219 -180 63 -18 24 73 -18 129 -94 29 -23 85 -214 130 -193 135 -284 214 -172 82 -180 175 -184 177 -46 34 -155 249 -384 453 -333 202 -281 392 -363 293 -270 399 -398 497 -49 -376
No
No
No
No
Yes
307 -215 145 -75 205 -111 167 -143 85 27 47 39 -35 51 -109 145 -87 11 -151 35 -15 149 -169 103 -175 97 -169 51 -97 65 -3 -103 141 -175 213 -75 -75 -43 167 -73 7 -119 -7 -23 -43 161 -271 377 -377 331 -349 491 -373 235 -295 313 -301 367 -431 505 -459 333 -421 337 -277 -22
-215 145 -75 205 -111 167 -143 85 27 47 39 -35 51 -109 145 -87 11 -151 35 -15 149 -169 103 -175 97 -169 51 -97 65 -3 -103 141 -175 213 -75 -75 -43 167 -73 7 -119 -7 -23 -43 161 -271 377 -377 331 -349 491 -373 235 -295 313 -301 367 -431 505 -459 333 -421 337 -277 307 -22
Yes
194 -61 205 -354 211 -350 203 -348 201 -348 203 -62 -81 -60 -79 -58 -85 -60 -87 61 -54 -87 -58 -81 -58 -81 -62 -87 -58 -87 -50 -97 -52 -87 -56 -87 -56 -81 -54 -87 -54 -91 -56 -85 196 -337 192 -333 196 -341 194 -335 192 -339 196 -333 196 -335 190 -325 186 -325 184 -331 190 -335 190 -335 200 -339
-61 205 -354 211 -350 203 -348 201 -348 203 -62 -81 -60 -79 -58 -85 -60 -87 -54 61 -87 -58 -81 -58 -81 -62 -87 -58 -87 -50 -97 -52 -87 -56 -87 -56 -81 -54 -87 -54 -91 -56 -85 196 -337 192 -333 196 -341 194 -335 192 -339 196 -333 196 -335 190 -325 186 -325 184 -331 190 -335 190 -335 200 -339 194
Yes
-349 491 -351 497 -353 489 -339 477 -329 467 -319 461 -325 465 -329 479 -331 475 -329 479 -337 483 -337 473 -329 475 -331 477 -327 467 -323 461 -311 451 -315 451 -305 187 -41 183 -41 177 -35 185 -41 179 -31 175 -27 175 -39 183 -35 183 -45 189 -45 195 -55 195 -51 199 -53 -63 213 -345 491 71
491 -351 497 -353 489 -339 477 -329 467 -319 461 -325 465 -329 479 -331 475 -329 479 -337 483 -337 473 -329 475 -331 477 -327 467 -323 461 -311 451 -315 451 -305 187 -41 183 -41 177 -35 185 -41 179 -31 175 -27 175 -39 183 -35 183 -45 189 -45 195 -55 195 -51 199 -53 -63 213 -345 491 -349 71
Yes
-3 79 36 -83 157 -84 88
79 36 -83 157 -84 88 -3
Yes
0 -18 -62 50 -230 -300 -98 -115 -318 -322 -414 -258 -272 -24 118 8 112 -35 128 156 160 276 92 -144 -60 -78 -48 66 -24 -52 -74 -62 82 96 -23 93 309 157 189 275 269 355 303 149 -49 1 -97 -183 -245 -171 -251 -155 3 9 85 -59 83 -79 7 -5 1 -75 35 33
-115 -35 -23 93 309 157 189 -18 275 269 355 303 149 -49 1 -97 -183 -62 -245 -171 -251 -155 3 9 85 -59 83 -79 7 -5 1 -75 35 33 50 -230 -300 -98 -318 -322 -414 -258 -272 -24 118 8 112 128 156 160 276 92 -144 -60 -78 -48 66 -24 -52 -74 -62 82 96 0
Yes
0 -139 272 -413 266 -401 -399 -393 258 -391 -379 256 -373 -365 250 -357 244 236 -351 228 -343 -331 -321 222 210 -315 -307 -585 204 -289 194 -279 186 -267 -257 176 170 444 -249 438 142 132 -239 120 -237 114 100 96 88 -225 -215 -203 76 66 -195 60 -183 48 36 30 20 12 -173 -167 -157 6 -153 -143
-139 272 -413 266 -401 258 256 250 -399 244 236 -393 228 222 -391 210 -379 -373 204 -365 194 186 176 -357 -351 170 444 438 -343 142 -331 132 -321 120 114 -315 -307 -585 100 -289 -279 -267 96 -257 88 -249 -239 -237 -225 76 66 60 -215 -203 48 -195 36 -183 -173 -167 -157 -153 30 20 12 -143 6 0
No
Yes
-117 235 -20 -116 51 -6 35 -32
235 -116 -20 51 -6 35 -32 -117
Yes
-12 42 -104 87
-104 42 87 -12
Yes
0 12 137 123 24 32 42 115 44 107 101 50 -172 99 -164 -400 89 -396 -154 311 -152 307 541 301 -146 -140 297 293 -134 -128 285 281 -120 -110 275 265 255 -100 249 241 237 231 221 -96 -90 209 -86 203 -72 -62 435 -298 427 421 -290 -280 417 161 155 -276 -272 -12 -10 147
137 123 12 24 115 107 101 32 99 42 44 89 311 50 307 541 -172 301 297 -164 293 -400 -396 -154 285 281 -152 -146 275 265 -140 -134 255 249 -128 -120 -110 241 -100 -96 -90 -86 -72 237 231 -62 221 -298 209 203 -290 435 -280 -276 427 421 -272 -12 -10 417 161 155 147 0
Yes
-149 -157 0 -161 12 16 20 28 -163 -214 77 69 63 57 45 31 -210 -202 25 -194 -180 -168 -162 -160 19 17 9 -158 -148 -136 -128 -1 -11 -17 -21 -31 -124 -114 -37 -110 -104 -39 -45 -102 -51 -61 -96 -84 -74 -75 -66 -56 -83 -46 -40 -36 -89 -99 -103 -111 -117 -28 -123 -125 -20 -18 -12 -137
12 16 -149 20 -157 -161 -163 77 28 69 -214 -210 -202 -194 -180 -168 63 57 -162 45 31 25 19 17 -160 -158 -148 9 -1 -11 -17 -136 -128 -124 -114 -110 -21 -31 -104 -37 -39 -102 -96 -45 -84 -74 -51 -61 -75 -66 -83 -89 -56 -99 -103 -111 -46 -40 -36 -28 -20 -117 -18 -12 -123 -125 -137 0
No
Yes
85 22 -89 87 39 -80 16 -115 53 82 -147 -2 29 -95 167 -55 -18 77 -155 39 -30 -61 -24 125 -210 340 -212 172 -299 181 -307 227 -291 418 -363 498 -446 584 -555 462 -411 356 -370 299 -384 480 -389 444 -464 471 -427 300 -237 112 -84 104 -40 -33 -63 -90
22 -89 87 39 -80 16 -115 53 82 -147 -2 29 -95 167 -55 -18 77 -155 39 -30 -61 -24 125 -210 340 -212 172 -299 181 -307 227 -291 418 -363 498 -446 584 -555 462 -411 356 -370 299 -384 480 -389 444 -464 471 -427 300 -237 112 -84 104 -40 -33 -90 -63 85
No
No
Yes
-200 248 -147 152 -293 250 -123 -4 -85 74 19 -72 -13 -60 85 54 1 52 -153 146 18 -151 114 -185 78 -1 -114 123 -150 19 32 -37 68 -177 62 -87 2 -137 8 -9 -12 145 -240 307 -370 269 -336 273 -370 405 -432 453 -474 431 -464 373 -274 209 -212 215
248 -147 152 -293 250 -123 -4 -85 74 19 -72 -13 -60 85 54 1 52 -153 146 -151 18 114 -185 78 -1 -114 123 -150 19 32 -37 68 -177 62 -87 2 -137 8 -9 -12 145 -240 307 -370 269 -336 273 -370 405 -432 453 -474 431 -464 373 -274 209 -212 215 -200
Yes
224 -74 214 -72 212 -62 208 -64 208 -68 214 -68 208 -60 198 -54 200 -58 200 -64 210 -74 216 -66 214 -70 206 -60 200 -52 196 -46 182 -46 192 -50 198 -48 192 -42 186 -46 184 -42 -72 216 -76 216 -70 220 -80 228 -92 236 -86 232 -96 232 -88 236 -96 236 -94 230 -84 224 -86 72
-74 214 -72 212 -62 208 -64 208 -68 214 -68 208 -60 198 -54 200 -58 200 -64 210 -74 216 -66 214 -70 206 -60 200 -52 196 -46 182 -46 192 -50 198 -48 192 -42 186 -46 184 -42 -72 216 -76 216 -70 220 -80 228 -92 236 -86 232 -96 232 -88 236 -96 236 -94 230 -84 224 -86 224 72
Yes
141 0 8 129 121 111 101 89 81 79 77 71 65 18 59 28 38 48 60 57 45 43 62 33 64 25 19 68 7 -1 -9 76 -21 -31 80 84 -37 90 98 -47 106 -51 114 118 -61 128 -65 142 -69 144 158 168 178 184 190 -75 198 206 208 216 222 -85 -91 228 -105 240 -117 252 260 -123
8 141 129 18 28 38 48 60 62 64 68 76 80 121 84 111 101 89 81 90 98 106 79 114 77 118 128 71 142 144 158 65 168 178 59 57 184 45 43 190 33 198 25 19 206 7 208 -1 216 -9 -21 -31 -37 -47 -51 222 -61 -65 -69 -75 -85 228 240 -91 252 -105 260 -117 -123 0
No
Yes
-143 0 6 18 -153 30 34 48 50 -167 60 70 82 -173 -183 92 94 -191 -195 -207 -217 102 -229 -235 -237 108 118 124 -249 -253 132 138 144 154 158 164 -265 -273 -275 172 176 -281 -293 -84 -297 -301 -313 -315 -55 -74 -62 -58 -65 -48 -75 -81 -89 -36 -101 -30 -111 -22 -12 -117 -127 -135
6 -143 -153 -167 18 -173 -183 -191 -195 30 -207 -217 -229 34 48 -235 -237 50 60 70 82 -249 92 94 102 -253 -265 -273 108 118 -275 -281 -293 -297 -301 -313 124 132 138 -315 -55 144 154 -65 158 164 172 176 -84 -75 -81 -89 -74 -101 -62 -58 -48 -111 -36 -117 -30 -127 -135 -22 -12 0
Yes
55 82 67 74 69 66 81 62 81 60 81 62 75 74 67 78 59 86 51 94 45 -149 294 -145 286 -147 288 -139 280 -133 282 -141 284 -147 290 -149 298 -163 302 -165 308 -167 35 112 25 112 33 110 39 -167 304 -68 -169 312 -167 314 -167 302 -157 306 -165 66 71 78 61 76 61 84 61 84
82 67 74 69 66 81 62 81 60 81 62 75 74 67 78 59 86 51 94 45 -149 294 -145 286 -147 288 -139 280 -133 282 -141 284 -147 290 -149 298 -163 302 -165 308 -167 35 112 25 112 33 110 39 -167 304 -169 -68 312 -167 314 -167 302 -157 306 -165 66 71 78 61 76 61 84 61 84 55
Yes
-201 205 -299 255 -219 183 -83 165 -311 291 -183 269 -135 193 -233 105 -101 -39 127 -103 215 -313 437 -329 229 -127 131 -105 235 -191 55 65 -123 -19 41 -107 113 -141 159 -115 195 -305 259 -373 281 -167 37 -109 225 -271 133 -101 27 -11 -57 63 -111 1 -113 81 47 -163 59
205 -299 255 -219 183 -83 165 -311 291 -183 269 -135 193 -233 105 -101 -39 127 -103 215 -313 437 -329 229 -127 131 -105 235 -191 55 65 -123 -19 41 -107 113 -141 159 -115 195 -305 259 -373 281 -167 37 -109 225 -271 133 -101 27 -11 -57 63 -111 1 -113 81 47 -163 59 -201
Yes
0 -274 -198 -434 -650 137 -790 -742 -834 -714 -636 -564 -698 -426 -474 -344 -102 -178 -22 122 266 424 386 416 240 131 86 8 4 22 301 -106 -14 -110 -44 501 745 865 693 851 721 505 697 549 353 373 237 91 51 -55 -243 -361 -507 -421 -273 -159 1 91 1 41 47 137 189 33
137 131 301 501 745 -274 865 693 851 721 505 697 549 353 373 237 91 51 -55 -243 -361 -507 -421 -273 -159 -198 1 91 1 41 -434 47 137 189 33 -650 -790 -742 -834 -714 -636 -564 -698 -426 -474 -344 -102 -178 -22 122 266 424 386 416 240 86 8 4 22 -106 -14 -110 -44 0
Yes
-208 97 16 -95 196 -187 86 -75 54 -165 286 -267 325 -190 95 -63 128 15 -116 96 -131 99 -190 109 -70 -79 202 -221 364 -303 280 -411 314 -179 46 73 2 -32 77 -192 99 24 -77 134 -255 136 -35 -50 149 -70 139 -46 97 22 -131 28 53 -124 153 -210 313 -286 201 -128 215 -74 159
97 16 -95 196 -187 86 -75 54 -165 286 -267 325 -190 95 -63 128 15 -116 96 -131 99 -190 109 -70 -79 202 -221 364 -303 280 -411 314 -179 46 73 2 -32 77 -192 99 24 -77 134 -255 136 -35 -50 149 -70 139 -46 97 22 -131 28 53 -124 153 -210 313 -286 201 -128 215 -74 159 -208
No
No
Yes
61 -1 -55 129 -251 111 -239 175 -115 49 -173 169 -267 181 -265 213 -203 341 -293 323 -323 347 -257 235 -261 189 -147 179 -159 27 -57 -35 -101 207 -83 -45 -9 -125 13 -151 3 135 -79 15 15 -67 61 35 113 -31 -93 87 49 89 -135 265 -261 145 -159 295 -191 -40
-1 -55 129 -251 111 -239 175 -115 49 -173 169 -267 181 -265 213 -203 341 -293 323 -323 347 -257 235 -261 189 -147 179 -159 27 -57 -35 -101 207 -83 -45 -9 -125 13 -151 3 135 -79 15 15 -67 61 35 113 -31 -93 87 49 89 -135 265 -261 145 -159 295 -191 61 -40
Yes
0 -130 -336 -446 -274 -390 -286 -260 73 -238 -200 -118 -284 -340 -232 4 140 -2 112 26 -230 -400 -398 -232 -168 -224 -92 -208 -164 -120 82 277 449 325 413 367 223 179 339 69 149 395 225 105 -19 -67 -63 -137 111 363 361 327 281 99 213 199 101 151 57 65
73 277 449 325 413 367 223 179 -130 339 69 149 395 225 105 -19 -67 -63 -137 111 363 361 327 281 99 213 199 101 151 57 65 -336 -446 -274 -390 -286 -260 -238 -200 -118 -284 -340 -232 4 140 -2 112 26 -230 -400 -398 -232 -168 -224 -92 -208 -164 -120 82 0
Yes
0 35
35 0
No
Yes
-42 -42
-42 -42
Yes
0 -78 -20 -6 -8 -104 -262 -344 -544 -662 111 -480 -496 -522 -362 165 -288 -188 -102 -274 -392 -432 -384 -368 -402 -494 -414 -246 -34 -114 12 130 153 150 92 -131 41 197 285 485 599 559 361 531 405 241 161 141 203 403 529 353 331 303 521 481 343 149 97 111 15 -149 -141 -127
111 165 153 -131 41 197 285 485 599 559 -78 361 531 405 241 -20 161 141 203 403 529 353 331 303 521 481 343 149 97 111 15 -149 -6 -141 -127 -8 -104 -262 -344 -544 -662 -480 -496 -522 -362 -288 -188 -102 -274 -392 -432 -384 -368 -402 -494 -414 -246 -34 -114 12 130 150 92 0
Yes
-460 328 -335 211 -307 165 -47 62 70 -129 168 -32 96 -96 218 -220 140 -47 65 -157 122 -6 -94 178 -175 253 -123 153 -31 -103 140 -269 407 -375 231 -141 95 -227 233 -241 161 -87 219 -181 53 -92 141 -199 175 -257 295 -364 316 -358 258 -386 534 -648 48 537
328 -335 211 -307 165 -47 62 70 -129 168 -32 96 -96 218 -220 140 -47 65 -157 122 -6 -94 178 -175 253 -123 153 -31 -103 140 -269 407 -375 231 -141 95 -227 233 -241 161 -87 219 -181 53 -92 141 -199 175 -257 295 -364 316 -358 258 -386 534 -648 537 48 -460
Yes
213 -73 209 -61 211 -67 213 -75 225 -75 219 -81 219 -75 213 -67 213 -77 217 -75 217 -73 215 -77 221 -71 217 -75 213 -63 205 -61 205 -61 207 -63 213 -77 213 -67 213 -67 213 -71 207 -57 201 -55 197 -51 193 -55 -91 231 -85 233 -83 221 -83 229 -91 239 -91 227 -89 227 -77 215 -67 75
-73 209 -61 211 -67 213 -75 225 -75 219 -81 219 -75 213 -67 213 -77 217 -75 217 -73 215 -77 221 -71 217 -75 213 -63 205 -61 205 -61 207 -63 213 -77 213 -67 213 -67 213 -71 207 -57 201 -55 197 -51 193 -55 -91 231 -85 233 -83 221 -83 229 -91 239 -91 227 -89 227 -77 215 -67 213 75
Yes
-73 184 -91 98 -44 -76 65 -42 -63 -12
184 -91 98 -44 -76 -42 65 -63 -12 -73
No
