Yes
6 1 -3
1 -3 6
Yes
2 2 6
2 6 2
No
Yes
3 -9 7 -4 6 -2
-9 7 -4 6 3 -2
Yes
-50
-50
No
Yes
215 -97 4 69 -159 270 -338 189 -310 -36
-97 4 69 -159 270 -338 189 -310 215 -36
Yes
593 -448 595 -454 601 -466 611 -474 617 -472 613 -472 343 -204 347 -200 341 -206 347 -204 345 -204 349 -200 345 -206 351 -216 86 -62 55 94 55 88 53 82 53 90 47 -166 307 -172 319 -176 325 -178 317 -448 587 -446 585 -438 585 -436 579 -442 583 -436 579 -432 573 -436 581 -434 579 -438 587 -438 583 -444
-448 595 -454 601 -466 611 -474 617 -472 613 -472 343 -204 347 -200 341 -206 347 -204 345 -204 349 -200 345 -206 351 -216 86 55 -62 94 55 88 53 82 53 90 47 -166 307 -172 319 -176 325 -178 317 -448 587 -446 585 -438 585 -436 579 -442 583 -436 579 -432 573 -436 581 -434 579 -438 587 -438 583 -444 593
Yes
80 -100 246 -202 320 -184 292 -318 210 -238 104 -36 -12 -64 100 -70 12 -162 204 -248 318 -404 316 -272 332 -200 282 -298 296 -302 322 -394 292 -266 334 -326 226 -234 92 48 -42 -40 -6 90 -152 114 -88 210 -264 388 -288 224 -164 138 -246 254 -278 342 -282 372 -426 348 -440 368 -236 246 -128 73
-100 246 -202 320 -184 292 -318 210 -238 104 -36 -12 -64 100 -70 12 -162 204 -248 318 -404 316 -272 332 -200 282 -298 296 -302 322 -394 292 -266 334 -326 226 -234 92 48 -42 -40 -6 90 -152 114 -88 210 -264 388 -288 224 -164 138 -246 254 -278 342 -282 372 -426 348 -440 368 -236 246 -128 80 73
Yes
-117 10 79 69 4 25 -41 -16
10 79 69 4 25 -16 -41 -117
Yes
0 -12 -18 -135 -127 -119 -28 -111 -38 -99 -91 -50 -85 -54 -81 -58 -69 -68 -76 -59 -51 -88 -47 -94 235 -96 239 -380 243 -382 -21 -13 -9 -120 -126 -3 -132 3 -138 13 27 -142 -148 -162 33 37 -172 -178 -184 62 43 -203 60 -197 -195 54 50 -189 46 -183 36 30 20 -177 -165 -159 12 -149
-135 -127 -119 -12 -18 -28 -111 -38 -99 -50 -54 -91 -58 -85 -68 -81 -76 -69 -59 -88 -94 -51 -96 -47 -380 235 -382 239 -120 243 -126 -132 -138 -21 -13 -142 -9 -148 -3 -162 -172 3 13 27 -178 -184 33 37 43 -203 62 60 -197 54 50 -195 -189 46 -183 36 -177 -165 -159 30 20 12 -149 0
Yes
0 -8 -135 -18 -129 -26 -119 -111 -32 -38 -52 -105 -97 -85 -62 -79 -64 -68 -77 -69 -65 -74 -57 -82 -92 -45 -98 -43 -35 -100 -114 -23 -122 -17 -128 -138 -7 3 -148 -156 9 -164 -168 17 -174 -186 23 78 74 31 66 39 51 62 -219 60 -215 50 -207 -203 36 -199 28 -185 -177 16 -163 6 -155 -147
-135 -129 -8 -119 -18 -111 -26 -32 -105 -97 -85 -38 -52 -62 -79 -64 -77 -69 -68 -74 -82 -65 -92 -57 -45 -98 -43 -100 -114 -35 -23 -122 -17 -128 -7 3 -138 -148 9 17 -156 23 31 -164 39 51 -168 -219 -215 -174 -207 -186 78 -203 74 -199 66 -185 62 60 -177 50 -163 36 28 -155 16 -147 6 0
Yes
192 -45 182 -43 192 -53 192 -45 186 -47 196 -61 196 -49 190 -53 192 -45 192 -47 190 -47 194 -59 198 -55 200 -65 200 -65 206 -69 -63 -78 215 -78 213 -358 499 -356 501 -362 507 -368 509 -368 239 -100 -47 182 -41 178 -33 180 -31 180 -35 174 -39 174 -39 186 -43 184 -49 198 -55 192 -51
-45 182 -43 192 -53 192 -45 186 -47 196 -61 196 -49 190 -53 192 -45 192 -47 190 -47 194 -59 198 -55 200 -65 200 -65 206 -69 -63 -78 215 -78 213 -358 499 -356 501 -362 507 -368 509 -368 239 -100 -47 182 -41 178 -33 180 -31 180 -35 174 -39 174 -39 186 -43 184 -49 198 -55 192 -51 192
Yes
-213 63 49 -193 47 -187 51 -197 49 -191 55 -203 61 -197 55 -191 51 -193 49 -187 49 -187 43 -193 49 -191 47 -189 41 -191 45 -187 47 -193 49 -189 49 -193 53 -189 39 -189 53 -201 65 -211 65 -203 63 -205 67 -209 67 -209 67 -203 63 -207 63 -209 59 -201 55 -197 61 -205 65 -71
63 49 -193 47 -187 51 -197 49 -191 55 -203 61 -197 55 -191 51 -193 49 -187 49 -187 43 -193 49 -191 47 -189 41 -191 45 -187 47 -193 49 -189 49 -193 53 -189 39 -189 53 -201 65 -211 65 -203 63 -205 67 -209 67 -209 67 -203 63 -207 63 -209 59 -201 55 -197 61 -205 65 -213 -71
No
No
No
Yes
147 153 0 161 -6 167 179 -14 181 -20 -30 -38 191 199 -46 205 -52 -62 -70 -82 -90 -98 -106 -116 -124 -134 -138 217 -146 231 239 245 255 265 269 279 287 -158 295 -166 303 311 -176 -182 319 -188 -200 -208 327 -218 -222 337 26 347 20 355 363 16 111 121 2 125 133 143
-6 -14 147 -20 153 -30 -38 161 -46 167 179 181 -52 -62 191 -70 199 205 217 231 239 245 255 265 269 279 287 -82 295 -90 -98 -106 -116 -124 -134 -138 -146 303 -158 311 -166 -176 319 327 -182 337 347 355 -188 363 111 -200 121 -208 125 -218 -222 133 26 20 143 16 2 0
No
Yes
0 -106 -260 -504 -550 -396 -352 -260 -78 -224 -328 -284 -238 -504 -396 -266 -470 -468 -388 -330 -298 -296 -366 -482 51 -624 -646 -612 -560 -456 -194 -76 -150 -232 209 399 583 447 367 351 151 95 367 351 355 363 411 375 335 411 343 299 187 305 289 389 591 551 627 595 567 321 203 1 223 145
51 209 399 583 447 367 351 151 95 367 351 355 363 411 375 335 411 343 299 187 305 289 389 591 -106 551 627 595 567 321 203 1 223 145 -260 -504 -550 -396 -352 -260 -78 -224 -328 -284 -238 -504 -396 -266 -470 -468 -388 -330 -298 -296 -366 -482 -624 -646 -612 -560 -456 -194 -76 -150 -232 0
Yes
200 -276 210 -74 158 -218 96 -176 52 62 -4 68 20 -6 72 -16 -124 50 26 -8 -2 100 -204 75 -9 125 -147 43 -161 204 -312 416 -436 494 -384 364 -418 503 -567 474 -556 588 -548 402 -286 282 -159 277 -133 91 -13 3 -51 112 -116 48 38 48 -28 68 -88 48 -64 88 -202
-276 210 -74 158 -218 96 -176 52 62 -4 68 20 -6 72 -16 -124 50 26 -8 -2 100 -204 75 -9 125 -147 43 -161 204 -312 416 -436 494 -384 364 -418 503 -567 474 -556 588 -548 402 -286 282 -159 277 -133 91 -13 3 -51 112 -116 48 38 48 -28 68 -88 48 -64 88 -202 200
Yes
0 258 236 272 368 156 78 26 -66 -62 -140 -174 -328 -520 -558 -358 -498 -446 -268 -113 -180 -238 -186 -130 -98 148 88 152 264 240 124 -283 12 254 112 22 -149 -295 -243 -135 -115 7 109 163 143 209 391 667 455 443 423 335 147 159 277 99 161 -11 -117 -141 -273 -209 -195 5 -123 -137 -133 -123
-113 -283 -149 -295 -243 -135 -115 7 109 163 143 209 391 667 455 443 423 335 147 258 159 277 99 161 -11 -117 -141 -273 -209 -195 5 236 -123 -137 -133 -123 272 368 156 78 26 -66 -62 -140 -174 -328 -520 -558 -358 -498 -446 -268 -180 -238 -186 -130 -98 148 88 152 264 240 124 12 254 112 22 0
Yes
0 -8 -16 149 151 -24 159 -34 173 -42 181 -50 187 195 203 -54 -64 211 221 -74 -82 -88 -92 229 233 -102 241 249 255 259 -21 -112 -114 -120 -7 156 144 -1 140 7 21 128 114 104 35 94 90 80 45 72 49 324 314 55 69 -189 308 -177 -171 -161 18 6 131 141
149 151 159 -8 -16 173 -24 181 -34 187 -42 195 -50 -54 -64 203 211 -74 -82 221 229 233 241 -88 -92 249 -102 -112 -114 -120 156 255 259 -21 144 -7 -1 140 7 128 114 21 35 45 104 49 55 69 94 -189 90 -177 -171 80 72 324 -161 314 308 18 131 141 6 0
Yes
-143 -153 0 6 16 28 -163 -177 40 46 56 62 66 -187 76 -193 88 -205 -207 92 102 108 120 -213 128 136 -223 -233 144 152 -241 -247 -255 -94 -84 -76 -267 -275 -68 -285 -293 -47 -51 -62 -56 -50 -63 -38 -73 -79 -30 -85 -22 -16 -89 -99 -109 -115 -125 -133 -8 -141
6 16 -143 -153 -163 -177 28 40 -187 -193 -205 -207 -213 46 -223 56 -233 62 66 -241 -247 -255 -267 76 -275 -285 88 92 -293 -47 102 108 120 -51 -63 -73 128 136 -79 144 152 -94 -84 -85 -89 -99 -76 -109 -68 -62 -115 -56 -125 -133 -50 -38 -30 -22 -16 -8 -141 0
Yes
107 -110 240 -182 237 -146 41 40 -128 94 -56 -20 145 -41 -93 102 -136 40 -10 54 57 -94 229 -177 95 -56 -87 42 -81 154 -20 17 -102 67 -71 45 -32 100 -166 228 -199 142 -38 47 20 60 -23 116 -174 136 -258 119 31 -7 119 -68 134 -4 -109 139 -232 44
-110 240 -182 237 -146 41 40 -128 94 -56 -20 145 -41 -93 102 -136 40 -10 54 57 -94 229 -177 95 -56 -87 42 -81 154 -20 17 -102 67 -71 45 -32 100 -166 228 -199 142 -38 47 20 60 -23 116 -174 136 -258 119 31 -7 119 -68 134 -4 -109 139 -232 107 44
Yes
709 -656 613 -532 589 -578 469 -548 483 -362 435 -362 270 -147 258 -127 112 5 -18 153 -164 171 -96 107 -240 129 -194 104 -5 -84 125 -48 -69 14 47 -76 -43 76 -15 -14 127 -194 83 -32 121 -36 117 20 -133 0 -85 122 -225 220 -171 270 -195 194 -279 312 -425 292 -395 372 -509 500 -603
-656 613 -532 589 -578 469 -548 483 -362 435 -362 270 -147 258 -127 112 5 -18 153 -164 171 -96 107 -240 129 -194 104 -5 -84 125 -48 -69 14 47 -76 -43 76 -15 -14 127 -194 83 -32 121 -36 117 20 -133 0 -85 122 -225 220 -171 270 -195 194 -279 312 -425 292 -395 372 -509 500 -603 709
Yes
-375 302 -220 292 -156 140 -263 383 -490 380 -490 382 -337 487 -442 424 -503 435 -495 451 -438 298 -154 164 -17 -15 21 25 -27 103 -248 201 -297 259 -145 136 -44 8 63 -8 101 -245 274 -306 191 -305 413 -513 413 -413 399 -435 334 -256 344 -472 381 -275 295 -284 236 -282 283
302 -220 292 -156 140 -263 383 -490 380 -490 382 -337 487 -442 424 -503 435 -495 451 -438 298 -154 164 -17 -15 21 25 -27 103 -248 201 -297 259 -145 136 -44 8 63 -8 101 -245 274 -306 191 -305 413 -513 413 -413 399 -435 334 -256 344 -472 381 -275 295 -284 236 -282 283 -375
Yes
0 258 166 148 232 210 60 220 342 278 526 330 338 396 188 70 -66 -30 -111 150 180 180 26 256 158 276 414 302 264 244 16 72 82 -46 140 -259 78 -127 -127 -97 -187 -161 -297 -277 -413 -443 -419 -311 -271 -133 53 -7 -35 -119 -143 -75 -139 -135 -299 -349 -265 -345 -383 -165 -31 63 -9 -13 -195 55
-111 -259 -127 -127 -97 -187 -161 -297 -277 -413 -443 -419 -311 -271 -133 53 -7 -35 258 -119 -143 -75 -139 -135 -299 -349 -265 -345 -383 -165 -31 63 -9 -13 -195 166 55 148 232 210 60 220 342 278 526 330 338 396 188 70 -66 -30 150 180 180 26 256 158 276 414 302 264 244 16 72 82 -46 140 78 0
No
No
Yes
0 -4 26 -64 -56 6 114 -46 -108 -72 158 342 286 298 178 224 354 190 282 422 270 -91 312 390 272 220 126 276 230 -97 -51 212 52 119 -7 -131 -9 111 179 -21 -291 -351 -223 -203 -291 -217 -307 -203 -273 -337 -321 -299 -341 -277 -195 -165 -317 -333 -191 59
-91 -97 -51 119 -7 -131 -9 111 179 -21 -291 -351 -223 -203 -291 -217 -307 -203 -273 -337 -321 -4 -299 -341 -277 -195 -165 -317 -333 26 -64 -191 59 -56 6 114 -46 -108 -72 158 342 286 298 178 224 354 190 282 422 270 312 390 272 220 126 276 230 212 52 0
Yes
-61 58 67 -86
67 58 -86 -61
Yes
149 0 157 -81 -8 -18 218 210 -69 208 -67 206 -65 -57 198 -49 -39 188 -31 180 -19 168 160 154 148 144 -17 -11 -5 396 392 384 -259 380 -253 -249 368 -239 358 350 612 -233 -219 -211 -471 602 -465 596 588 -459 582 572 -447 288 -445 18 -433 -429 10 -141 127 135
-8 149 -18 218 157 -81 -69 -67 210 -65 208 -57 206 198 -49 188 180 -39 168 -31 160 -19 -17 -11 -5 -259 154 148 144 -253 -249 -239 396 -233 392 384 -219 380 -211 -471 -465 368 358 350 612 -459 602 -447 -445 596 -433 -429 588 -141 582 127 572 288 135 18 10 0
No
Yes
-87 0 -1 -42 113 -87 76 -162 140 8 -36 -34 -77 20 59 -8 -61 169 -92 64 -67 149 -221 323 -176 174 -217 332 -419 307 -197 153 -40 -18 -26 56 -159 294 -341 313 -354 270 -177 243 -194 305 -209 322 -329 179 -199 119 -89 192 -320 218 -82 -51 153 -38 19 0 137 -129 219
0 -1 -42 113 -87 76 -162 140 8 -36 -34 -77 20 59 -8 -61 169 -92 64 -67 149 -221 323 -176 174 -217 332 -419 307 -197 153 -40 -18 -26 56 -159 294 -341 313 -354 270 -177 243 -194 305 -209 322 -329 179 -199 119 -89 192 -320 218 -82 -51 153 -38 19 0 137 -129 219 -87
Yes
305 -455 587 -449 353 -229 161 -281 261 -117 51 -65 -77 137 -159 101 -181 169 -259 267 -319 261 -329 395 -291 201 -209 59 -171 121 -153 135 -117 61 -185 63 -187 271 -271 183 -47 113 -263 229 -185 213 -293 351 -297 383 -325 313 -337 437 -497 639 -769 647 -757 641 -497 523 -477 587 -623 551 -481 377 -341
-455 587 -449 353 -229 161 -281 261 -117 51 -65 -77 137 -159 101 -181 169 -259 267 -319 261 -329 395 -291 201 -209 59 -171 121 -153 135 -117 61 -185 63 -187 271 -271 183 -47 113 -263 229 -185 213 -293 351 -297 383 -325 313 -337 437 -497 639 -769 647 -757 641 -497 523 -477 587 -623 551 -481 377 -341 305
Yes
-75 -75 -75 -75 -75 -75 -75 -75 -75 -75 -75 -75 -75 -75 -75 -75 -75 -75 -75 -75 -75 -75 -75 -75 -75 -75 -75 -75 -75 -75 -75 -75 -75 -75 -75 -75 -75 -75 -75 -75 -75 -75 -75 -75 -75 -75 -75 -75 -75 -75 -75 -75 -75 -75 -75 -75 -75 -75 -75 -75 -75 -75 -75 -75 -75 -75 -75 -75 -75 -75
-75 -75 -75 -75 -75 -75 -75 -75 -75 -75 -75 -75 -75 -75 -75 -75 -75 -75 -75 -75 -75 -75 -75 -75 -75 -75 -75 -75 -75 -75 -75 -75 -75 -75 -75 -75 -75 -75 -75 -75 -75 -75 -75 -75 -75 -75 -75 -75 -75 -75 -75 -75 -75 -75 -75 -75 -75 -75 -75 -75 -75 -75 -75 -75 -75 -75 -75 -75 -75 -75
Yes
-40 -40
-40 -40
Yes
75 75 75 75 75 75 75 75 75 75 75 75 75 75 75 75 75 75 75 75 75 75 75 75 75 75 75 75 75 75 75 75 75 75 75 75 75 75 75 75 75 75 75 75 75 75 75 75 75 75 75 75 75 75 75 75 75 75 75 75 75 75 75 75 75 75 75 75 75
75 75 75 75 75 75 75 75 75 75 75 75 75 75 75 75 75 75 75 75 75 75 75 75 75 75 75 75 75 75 75 75 75 75 75 75 75 75 75 75 75 75 75 75 75 75 75 75 75 75 75 75 75 75 75 75 75 75 75 75 75 75 75 75 75 75 75 75 75
Yes
147 0 -6 -10 149 -14 -24 -26 -36 153 -42 -52 161 167 171 200 181 187 192 180 170 -65 162 154 -57 -45 -31 146 -21 138 128 -17 124 -5 3 118 11 17 108 100 21 29 92 41 47 80 57 67 70 60 58 75 46 40 83 36 30 91 28 97 -183 20 16 111 10 113 117 125 129 137
-6 147 149 153 -10 161 167 171 181 -14 187 -65 -24 -26 -36 -57 -42 -52 -45 -31 -21 200 -17 -5 192 180 170 3 162 11 17 154 21 146 138 29 128 124 41 47 118 108 57 100 92 67 80 70 75 83 91 60 97 -183 58 111 113 46 117 40 36 125 129 30 137 28 20 16 10 0
No
Yes
0 -62 -24 112 24 92 278 344 414 502 522 266 222 -26 222 342 256 124 106 148 178 224 296 484 21 406 270 294 157 202 80 -56 68 -61 3 -3 -151 -367 -477 -371 -563 -383 -171 -121 -113 -251 -261 -151 -115 -179 -87 -97 -263 -339 -395 -303 -209 -157 -187 9 19 -45
21 157 -61 3 -3 -151 -367 -477 -371 -563 -383 -171 -121 -113 -251 -261 -151 -115 -179 -87 -97 -263 -339 -395 -62 -303 -209 -157 -24 -187 9 19 -45 112 24 92 278 344 414 502 522 266 222 -26 222 342 256 124 106 148 178 224 296 484 406 270 294 202 80 -56 68 0
Yes
-141 0 149 -6 -296 153 161 -302 167 -306 -83 -75 -54 -64 -67 -70 -78 -65 -51 -39 -84 -96 -108 -31 -118 -19 269 -126 277 -414 283 295 -422 -432 -442 -448 303 309 317 325 329 337 -458 -462 -472 -478 -484 345 -492 353 363 -502 -512 373 -516 -524 377 -256 -264 383 115 -276 129 139
-6 -141 -296 149 153 -302 -306 161 -54 167 -64 -70 -83 -75 -78 -67 -65 -84 -96 -108 -51 -39 -31 -118 -19 -126 -414 269 -422 277 -432 -442 283 295 303 309 -448 -458 -462 -472 -478 -484 317 325 329 337 345 -492 353 -502 -512 363 373 -516 377 383 -524 115 129 -256 -264 139 -276 0
No
No
Yes
0 -74 -312 -316 -210 -324 -21 -100 58 40 24 -134 -254 -310 -356 199 -226 -212 -264 -60 -78 -166 -136 -144 -314 -358 -294 -338 -436 189 -410 -430 -296 -218 -304 -236 -230 -84 353 309 179 73 85 -119 31 221 273 363 331 137 213 205 21 125 151 95 175 369 275 359 307 413 485 423 209 279 349 265 149 1
-21 199 189 353 309 179 -74 73 85 -119 31 221 273 363 331 -312 137 213 205 21 125 151 95 175 369 275 359 307 413 -316 485 423 209 279 349 265 149 1 -210 -324 -100 58 40 24 -134 -254 -310 -356 -226 -212 -264 -60 -78 -166 -136 -144 -314 -358 -294 -338 -436 -410 -430 -296 -218 -304 -236 -230 -84 0
Yes
0 39
39 0
No
Yes
0 2 284 292 -143 300 -149 312 322 330 -431 -435 338 -449 -459 -471 -475 340 -481 -487 350 356 362 368 372 376 120 126 134 -495 -501 136 -505 142 -513 -517 -259 -267 -273 -277 154 -76 -279 -68 -291 -64 -330 -59 -69 -318 -75 195 -308 -302 -300 183 -290 171 165 -16 159 151 -8 147 -133 -6 -135 -137
-143 -149 -431 -435 2 -449 284 -459 -471 -475 292 300 -481 312 322 330 338 -487 340 350 -495 -501 -505 -513 -517 -259 -267 -273 -277 356 362 -279 368 -291 372 376 120 126 134 136 -59 -69 142 -75 154 195 183 -76 -68 171 -64 -330 165 159 151 -318 147 -308 -302 -133 -300 -290 -135 -16 -8 -137 -6 0
Yes
314 -240 99 50 -184 220 -121 129 -104 133 -241 279 -265 122 -1 -10 111 -145 140 -40 163 -235 369 -220 222 -245 115 -47 56 -148 82 -8 -4 -45 85 -133 49 -149 279 -284 303 -204 118 -69 185 -327 289 -269 281 -159 65 10 -104 92 -42 162 -292 422 -485 433 -353 262 -328
-240 99 50 -184 220 -121 129 -104 133 -241 279 -265 122 -1 -10 111 -145 140 -40 163 -235 369 -220 222 -245 115 -47 56 -148 82 -8 -4 -45 85 -133 49 -149 279 -284 303 -204 118 -69 185 -327 289 -269 281 -159 65 10 -104 92 -42 162 -292 422 -485 433 -353 262 -328 314
Yes
147 157 0 -10 -16 165 -28 177 -40 -46 -50 -62 187 -70 -76 -86 191 197 211 215 225 -88 -94 -102 -108 140 136 130 -142 229 231 -152 -156 237 249 -162 1 -168 3 9 -176 17 291 -182 -192 297 299 307 311 323 329 71 75 70 81 353 66 -208 -214 357 -220 -222 363 22 113 18 6 121 129 139
-10 -16 147 157 165 -28 177 -40 187 191 197 211 -46 215 225 229 -50 -62 -70 -76 -86 231 237 249 1 3 9 17 291 -88 -94 297 299 -102 -108 307 140 311 136 130 323 -142 -152 329 71 -156 -162 -168 -176 -182 -192 70 66 75 -208 -214 81 353 357 -220 363 113 -222 121 22 129 139 18 6 0
Yes
81 -229 83 -223 77 -217 69 -219 75 -213 67 -211 61 -197 53 -195 49 -195 49 -191 41 -183 37 -185 47 -195 49 -197 53 -197 49 -199 51 -201 63 -213 69 -213 71 -207 61 -211 67 -211 61 -203 57 -193 57 -205 69 -217 69 -217 69 -213 69 -205 61 -209 65 59 -197 61 -209 69 -215 79 -221 -73
-229 83 -223 77 -217 69 -219 75 -213 67 -211 61 -197 53 -195 49 -195 49 -191 41 -183 37 -185 47 -195 49 -197 53 -197 49 -199 51 -201 63 -213 69 -213 71 -207 61 -211 67 -211 61 -203 57 -193 57 -205 69 -217 69 -217 69 -213 69 -205 61 -209 65 59 -197 61 -209 69 -215 79 -221 81 -73
Yes
-381 247 -98 243 -104 -37 174 -33 170 -35 174 -39 182 -43 190 -49 192 -57 204 -69 208 -67 214 -75 216 -75 210 -63 210 -71 216 -81 222 -78 219 -364 513 -376 513 -364 503 -356 497 -352 493 -636 783 -634 775 -632 518 -378 525 -380 521 -384 521 -384 523 -376 515 -370 515 -368 509 -367 510 -371 518
247 -98 243 -104 -37 174 -33 170 -35 174 -39 182 -43 190 -49 192 -57 204 -69 208 -67 214 -75 216 -75 210 -63 210 -71 216 -81 222 -78 219 -364 513 -376 513 -364 503 -356 497 -352 493 -636 783 -634 775 -632 518 -378 525 -380 521 -384 521 -384 523 -376 515 -370 515 -368 509 -367 510 -371 518 -381
Yes
139 129 0 121 117 6 18 109 101 99 93 22 87 30 79 71 59 36 42 51 44 54 56 49 68 76 43 -229 -237 90 92 -247 -259 98 -261 102 372 384 -273 -277 394 402 408 -287 418 424 432 194 -293 208 -59 -71 218 -77 -87 167 226 -30 -22 -20 163 161 -12 -4 151 143
6 18 139 22 30 129 121 36 42 44 54 117 56 109 68 76 90 101 99 92 93 87 79 98 71 59 102 372 384 51 49 394 402 43 408 -229 -237 -247 418 424 -259 -261 -273 432 -277 -287 -293 -59 194 -71 208 218 -77 226 -30 -22 -87 167 163 161 -20 -12 151 143 -4 0
Yes
93 46 -42 25 99 -216
46 -42 99 25 -216 93
No
Yes
-49 62 -173 56 -171 56 -7
62 -173 56 -171 56 -7 -49
Yes
161 -19 159 -19 159 -21 171 -27 167 -27 175 -323 469 -319 457 -321 463 -317 467 -331 471 -329 465 -327 469 -323 249 -113 251 -115 263 -115 259 -117 265 -119 263 -121 263 -117 259 -121 263 -121 259 -121 259 -123 273 -131 273 -133 275 -133 -15 155 -11 157 -17 163 -21 163 -13 159 -21 167 -25 69
-19 159 -19 159 -21 171 -27 167 -27 175 -323 469 -319 457 -321 463 -317 467 -331 471 -329 465 -327 469 -323 249 -113 251 -115 263 -115 259 -117 265 -119 263 -121 263 -117 259 -121 263 -121 259 -121 259 -123 273 -131 273 -133 275 -133 -15 155 -11 157 -17 163 -21 163 -13 159 -21 167 -25 161 69
No
Yes
484 -349 490 -346 485 -345 495 -345 493 -358 214 -67 208 -72 217 -75 224 -75 215 -76 212 -75 210 -73 -54 203 -68 207 -58 202 -328 477 -612 760 -613 752 -605 752 -615 754 -616 759 -621 761 -621 768 -622 767 -632 769 -632 771 -633 772 -623 482 -341 484 -345 484 -349 490 -343 484 -345 70
-349 490 -346 485 -345 495 -345 493 -358 214 -67 208 -72 217 -75 224 -75 215 -76 212 -75 210 -73 -54 203 -68 207 -58 202 -328 477 -612 760 -613 752 -605 752 -615 754 -616 759 -621 761 -621 768 -622 767 -632 769 -632 771 -633 772 -623 482 -341 484 -345 484 -349 490 -343 484 -345 484 70
Yes
-74 -63 -72 -73 -64 -75 -74 -65 -78 -63 -78 -63 -74 -69 -74 -75 -68 -69 -66 -81 -66 -79 -70 -67 -76 -61 185 -96 -45 -96 -45 -90 -55 -82 -65 -76 -73 -68 -79 -66 -77 -66 -73 -76 -69 -76 -63 -86 -59 195 -334 189 -338 197 -332 185 -57 -82 -65 -84 -55 -84 70 -61 -76 -71 -76 -63 -72 -63
-63 -72 -73 -64 -75 -74 -65 -78 -63 -78 -63 -74 -69 -74 -75 -68 -69 -66 -81 -66 -79 -70 -67 -76 -61 185 -96 -45 -96 -45 -90 -55 -82 -65 -76 -73 -68 -79 -66 -77 -66 -73 -76 -69 -76 -63 -86 -59 195 -334 189 -338 197 -332 185 -57 -82 -65 -84 -55 -84 -61 70 -76 -71 -76 -63 -72 -63 -74
Yes
0 -140 -46 -206 -362 -348 25 -496 -426 -348 -534 -528 -428 -582 -482 -430 -436 -422 -298 -152 -238 -158 -50 -256 -270 -16 0 144 114 -54 57 -90 60 26 230 134 83 267 495 409 463 315 469 437 457 545 559 499 389 439 303 243 153 233 101 187 183 125 115 -79 -151 -21 -17 -3 -137 -103 -173 -143
25 57 83 267 495 409 -140 463 315 469 437 457 545 559 499 389 439 303 243 153 233 101 187 183 125 115 -79 -151 -21 -17 -46 -3 -137 -103 -173 -143 -206 -362 -348 -496 -426 -348 -534 -528 -428 -582 -482 -430 -436 -422 -298 -152 -238 -158 -50 -256 -270 -16 0 144 114 -54 -90 60 26 230 134 0
Yes
-68 211 -68 205 -62 207 -68 211 -64 205 -66 213 -76 221 -74 215 -73 220 -80 217 -75 212 -63 212 -74 -71 220 -85 224 -77 218 -70 217 -78 214 -79 224 -79 228 -88 225 -76 211 -76 220 -77 225 -88 230 -82 230 -83 226 -77 218 -71 208 -65 204 -58 205 -58 72 193 -50 199 -52 201 -62 209
211 -68 205 -62 207 -68 211 -64 205 -66 213 -76 221 -74 215 -73 220 -80 217 -75 212 -63 212 -74 -71 220 -85 224 -77 218 -70 217 -78 214 -79 224 -79 228 -88 225 -76 211 -76 220 -77 225 -88 230 -82 230 -83 226 -77 218 -71 208 -65 204 -58 205 -58 193 72 -50 199 -52 201 -62 209 -68
Yes
-172 252 -276 168 -248 304 -216 160 -170 86 -196 124 -230 118 -90 212 -84 -56 124 -220 70 14 20 126 -96 44 -128 250 -132 76 6 -66 104 -132 108 28 0 90 40 -86 104 -22 -14 130 -52 -8 144 -58 -92 60 12 -132 4 -12 -76 18 70 -146 114 -30 90 -164 176 -162 88 38 74
252 -276 168 -248 304 -216 160 -170 86 -196 124 -230 118 -90 212 -84 -56 124 -220 70 14 20 126 -96 44 -128 250 -132 76 6 -66 104 -132 108 28 0 90 40 -86 104 -22 -14 130 -52 -8 144 -58 -92 60 12 -132 4 -12 -76 18 70 -146 114 -30 90 -164 176 -162 88 38 74 -172
Yes
353 -279 155 -218 90 -202 237 -161 219 -221 89 -158 25 31 5 63 -173 314 -192 113 -240 227 -205 216 -119 166 -262 131 -54 53 17 -68 142 -135 126 15 121 -30 74 -166 76 -86 69 -55 95 -120 140 -237 87 2 52 -70 -46 110 -112 143 -223 232 -316 459 -369 330 -290 290 -210 346 -270 407 -419
-279 155 -218 90 -202 237 -161 219 -221 89 -158 25 31 5 63 -173 314 -192 113 -240 227 -205 216 -119 166 -262 131 -54 53 17 -68 142 -135 126 15 121 -30 74 -166 76 -86 69 -55 95 -120 140 -237 87 2 52 -70 -46 110 -112 143 -223 232 -316 459 -369 330 -290 290 -210 346 -270 407 -419 353
No
Yes
0 6 0 -232 -416 -83 -448 -578 -642 -562 -738 -540 -350 -514 -564 -624 -652 -938 -758 -678 -448 -254 -286 -141 -126 -104 54 -92 42 182 212 190 314 324 274 135 48 -46 353 423 487 505 613 709 625 397 405 515 683 701 795 791 663 531 317 343 179 91 25 7 69 -87 -205 -153 -285 -409 -215 -155 -5 117
-83 -141 135 353 423 6 487 505 613 709 625 397 405 515 683 701 795 791 663 531 317 343 179 0 91 25 7 69 -87 -205 -153 -285 -409 -215 -155 -232 -5 117 -416 -448 -578 -642 -562 -738 -540 -350 -514 -564 -624 -652 -938 -758 -678 -448 -254 -286 -126 -104 54 -92 42 182 212 190 314 324 274 48 -46 0
Yes
0 -34 -10 -96 -154 -188 -116 -61 -186 -94 -156 -76 -16 38 246 228 342 338 322 294 408 326 -85 160 128 2 58 178 148 37 118 170 164 160 40 241 269 233 47 77 233 181 -33 89 -123 -193 -257 -361 -283 -429 -405 -451 -251 -249 -121 -25 -95 -73 -205 -39 -129 -33 -115 -129
-61 -85 37 241 269 233 47 -34 77 233 181 -33 89 -123 -193 -257 -361 -283 -429 -405 -451 -251 -10 -249 -121 -25 -95 -73 -205 -96 -39 -129 -33 -115 -129 -154 -188 -116 -186 -94 -156 -76 -16 38 246 228 342 338 322 294 408 326 160 128 2 58 178 148 118 170 164 160 40 0
No
Yes
0 0 0 0 0 0 0 0 0 0 0 0 0 0 0 0 0 0 0 0 0 0 0 0 0 0 0 0 0 0 0 0 0 0 0 149 149 149 149 149 149 149 149 149 149 149 149 149 149 149 149 149 149 149 149 149 149 149 149 149 149 149 149 149 149 149 149 149 149 149
149 149 149 149 149 149 149 149 149 149 149 149 149 149 149 149 149 149 149 149 149 149 149 149 149 149 149 149 149 149 149 149 149 149 149 0 0 0 0 0 0 0 0 0 0 0 0 0 0 0 0 0 0 0 0 0 0 0 0 0 0 0 0 0 0 0 0 0 0 0
Yes
0 -117 252 248 238 236 -105 228 222 218 210 206 200 -99 -93 192 -89 -79 186 -77 180 -69 -65 170 -124 -57 -51 -130 -140 -152 -162 -47 -41 -31 -25 -170 271 277 289 -176 -186 -198 301 -208 309 317 323 333 -218 343 355 -222 -232 -244 365 -254 371 381 391 4 135 141
-117 252 -105 -99 -93 -89 248 -79 -77 -69 -65 -57 -51 238 236 -47 228 222 -41 218 -31 210 206 -25 271 200 192 277 289 301 309 186 180 170 -124 317 -130 -140 -152 323 333 343 -162 355 -170 -176 -186 -198 365 -208 -218 371 381 391 -222 135 -232 -244 -254 141 4 0
Yes
-272 281 -424 417 -356 381 -482 413 -330 367 -445 490 -477 402 -283 266 -295 304 -209 98 -135 168 -72 85 26 5 -90 -3 -114 3 -130 143 -166 95 -232 139 -118 205 -108 133 -100 163 -126 7 26 10 35 -28 143 -120 247 -164 271 -236 373 -380 393 -484 463 -458 451 -576 585 -644 537 -518 369 -240 141 -14
281 -424 417 -356 381 -482 413 -330 367 -445 490 -477 402 -283 266 -295 304 -209 98 -135 168 -72 85 26 5 -90 -3 -114 3 -130 143 -166 95 -232 139 -118 205 -108 133 -100 163 -126 7 26 10 35 -28 143 -120 247 -164 271 -236 373 -380 393 -484 463 -458 451 -576 585 -644 537 -518 369 -240 141 -272 -14
Yes
-143 -153 -167 -175 0 -181 -193 8 -197 18 26 34 -207 44 -215 54 -225 -231 62 -243 -253 70 76 13 11 86 94 108 5 -7 114 -13 -154 -19 -27 -35 -148 -41 -140 -45 -130 -57 -126 -118 -112 -104 -100 -63 -92 -80 -72 -77 -89 -58 -99 -48 -103 -111 -42 -121 -34 -24 -20 -18 -6 -123 -131 -139
8 18 26 34 -143 44 54 -153 62 -167 -175 -181 70 -193 76 -197 86 94 -207 108 114 -215 -225 -154 -148 -231 -243 -253 -140 -130 13 -126 11 -118 -112 -104 5 -100 -7 -92 -13 -80 -19 -27 -35 -41 -45 -72 -57 -63 -77 -58 -48 -89 -42 -99 -34 -24 -103 -20 -111 -121 -123 -131 -139 -18 -6 0
Yes
162 -15 18 73 -14
-15 18 73 -14 162
Yes
0 186 288 332 250 238 178 256 44 -18 -74 -84 -42 -50 -12 -88 -106 -154 -430 -432 -408 -576 -532 -506 -330 -198 -94 -176 -336 -286 -292 -101 -151 -304 -190 -100 -401 -226 -299 -331 -277 -147 -107 59 -13 109 135 25 -59 53 13 185 299 389 301 555 479 411 435 243 103 67 187 265 271 317 239 133 221 77
-101 -151 -401 -299 -331 -277 -147 -107 59 -13 109 135 25 -59 53 13 185 299 389 301 555 479 411 435 243 103 67 187 265 271 317 186 288 239 133 221 332 77 250 238 178 256 44 -18 -74 -84 -42 -50 -12 -88 -106 -154 -430 -432 -408 -576 -532 -506 -330 -198 -94 -176 -336 -286 -292 -304 -190 -100 -226 0
No
Yes
-141 0 -413 -405 278 270 262 -399 -395 -383 254 -381 246 240 -373 -365 -359 -347 232 -339 -327 226 218 210 -313 200 192 -587 -581 178 -289 448 444 434 -275 140 -263 -253 128 114 110 102 -249 -180 -186 -190 -198 37 41 -206 45 53 -210 57 65 -212 69 36 73 -171 -161 24 14 -155 8 -149
278 -141 270 262 -413 -405 -399 254 246 240 -395 232 -383 -381 226 218 210 200 -373 192 178 -365 -359 -347 448 -339 -327 444 434 -313 140 -587 -581 -289 128 -275 114 110 -263 -253 -249 37 102 41 45 53 57 -180 -186 65 -190 -198 69 -206 -210 73 -212 -171 36 24 14 -161 -155 8 -149 0
Yes
0 10 -149 -159 20 32 40 52 -169 60 -181 68 70 -189 78 90 100 114 120 -201 -207 -211 -217 -227 -235 -249 126 138 -261 -267 -275 148 -287 154 -295 -13 -122 -120 -106 -21 -29 -41 -98 -49 -86 -78 -63 -65 -74 -64 -75 -79 -89 -95 -107 -56 -48 -42 -34 -115 -26 -121 -18 -10 -129 -139
-149 -159 10 20 -169 -181 -189 -201 32 -207 40 -211 -217 52 -227 -235 -249 -261 -267 60 68 70 78 90 100 114 -275 -287 120 126 138 -295 148 -13 154 -122 -21 -29 -41 -120 -106 -98 -49 -86 -63 -65 -78 -74 -75 -79 -64 -56 -48 -42 -34 -89 -95 -107 -115 -26 -121 -18 -129 -139 -10 0
Yes
0 30 92 130 56 78 176 24 36 -12 112 -94 -110 -58 96 248 111 288 326 272 132 -94 -226 -282 -500 -5 -524 -332 -360 -224 20 -151 -108 -185 -15 -211 -157 -61 9 -19 -37 181 207 -75 -173 -259 -223 -209 -215 -21 201 311 427 525 425 273 297 89 37 61
111 -5 -151 -185 -15 -211 -157 -61 9 -19 -37 181 207 -75 -173 -259 30 -223 -209 -215 -21 201 311 427 525 92 425 273 297 89 37 130 61 56 78 176 24 36 -12 112 -94 -110 -58 96 248 288 326 272 132 -94 -226 -282 -500 -524 -332 -360 -224 20 -108 0
Yes
0 152 366 258 164 112 -64 -6 -6 6 -134 -294 -254 -362 -244 -286 -198 -75 -300 -404 -544 -622 -432 -228 -186 -219 -96 -216 -174 -134 -26 -190 -237 -324 -222 -50 28 -143 -105 9 -47 -109 -117 111 213 319 393 301 323 265 197 289 401 689 571 283 177 127 99 225 249 65 139 211 299 195 15 -31
-75 -219 -237 -143 -105 9 -47 -109 -117 111 213 319 393 301 323 265 197 152 289 401 689 571 283 177 127 366 99 225 249 65 139 211 258 299 195 15 -31 164 112 -64 -6 -6 6 -134 -294 -254 -362 -244 -286 -198 -300 -404 -544 -622 -432 -228 -186 -96 -216 -174 -134 -26 -190 -324 -222 -50 28 0
Yes
0 20 128 66 148 -92 -8 156 352 266 264 330 416 362 578 752 606 480 87 580 306 338 318 192 292 236 21 378 352 280 346 344 230 212 72 -35 -51 -2 -19 137 -65 -259 -261 -317 -187 -361 -323 -493 -669 -707 -619 -615 -437 -239 -405 -341 -273 -377 -293 -431 -357 -225 -283 -245 -279 -219 -109 -95
87 21 -35 -51 -19 137 -65 -259 -261 -317 -187 -361 -323 -493 -669 -707 -619 -615 20 -437 -239 -405 -341 -273 -377 -293 128 -431 -357 -225 -283 -245 -279 -219 -109 66 148 -95 -92 -8 156 352 266 264 330 416 362 578 752 606 480 580 306 338 318 192 292 236 378 352 280 346 344 230 212 72 -2 0
Yes
219 -150 157 -212 143 -152 39 -72 15 112 -195 82 19 -114 199 -100 229 -84 -53 184 -297 408 -377 464 -522 431 -330 409 -546 459 -382 519 -546 537 -665 532 -415 316 -201 276 -401 254 -191 124 -75 94 -65 -2 -69 202 -213 208 -327 373 -380 351 -362 461 -472 393 -468 521 -498 393 -367
-150 157 -212 143 -152 39 -72 15 112 -195 82 19 -114 199 -100 229 -84 -53 184 -297 408 -377 464 -522 431 -330 409 -546 459 -382 519 -546 537 -665 532 -415 316 -201 276 -401 254 -191 124 -75 94 -65 -2 -69 202 -213 208 -327 373 -380 351 -362 461 -472 393 -468 521 -498 393 -367 219
No
Yes
0 -130 -168 -174 -88 -6 242 270 196 354 516 402 334 220 14 73 164 196 62 -76 -68 142 74 252 82 -80 -200 -440 -294 -292 -252 139 -2 259 235 -59 -113 -257 -271 -301 -375 -541 -329 -349 -121 -89 -181 -99 -11 25 -29 -119 -111 -115 -7 211 313 309 387 307 117 -51
73 139 259 235 -59 -113 -257 -271 -301 -375 -541 -329 -349 -121 -89 -130 -181 -99 -11 25 -29 -119 -111 -115 -7 211 313 309 387 307 117 -168 -51 -174 -88 -6 242 270 196 354 516 402 334 220 14 164 196 62 -76 -68 142 74 252 82 -80 -200 -440 -294 -292 -252 -2 0
No
No
Yes
0 -32 -46 234 172 364 360 420 306 330 112 162 84 162 204 88 116 150 54 -30 -10 -6 39 52 8 172 126 -22 54 64 12 102 4 175 -93 -85 -313 -365 -415 -433 -203 -255 -151 -137 -85 -193 -93 -193 -115 -131 -77 115 155 25 67 -155 -85 -73 55 -119 -91 -125 -33 -133
39 175 -93 -85 -313 -365 -415 -433 -203 -255 -151 -137 -85 -193 -93 -193 -115 -131 -77 115 155 25 -32 67 -155 -85 -73 55 -119 -91 -125 -33 -133 -46 234 172 364 360 420 306 330 112 162 84 162 204 88 116 150 54 -30 -10 -6 52 8 172 126 -22 54 64 12 102 4 0
Yes
-107 -3 76 -50 170 -35 37 -153 163
-3 76 -50 170 -35 37 -153 163 -107
Yes
177 -134 223 -262 331 -456 399 -360 237 -194 103 -138 161 -104 97 -120 -13 -8 81 -62 123 -12 121 -122 89 -104 214 -227 372 -407 412 -297 194 -289 202 -275 196 -239 218 -151 192 -283 182 -77 -24 -73 24 -23 -72 195 -314 277 -180 189 -74 203 -254 229 -154 49 -53 38 -27 68 -99 -48
-134 223 -262 331 -456 399 -360 237 -194 103 -138 161 -104 97 -120 -13 -8 81 -62 123 -12 121 -122 89 -104 214 -227 372 -407 412 -297 194 -289 202 -275 196 -239 218 -151 192 -283 182 -77 -24 -73 24 -23 -72 195 -314 277 -180 189 -74 203 -254 229 -154 49 38 -53 -27 68 -99 -48 177
Yes
-128 73 -174 119 26 -101 -2 77 12 -33 -88 -61 30 -99 226 -283 322 -337 394 -259 322 -207 126 -113 -16 -37 28 19 -146 -1 -52 81 -198 75 50 -111 90 -67 110 -21 -18 57 -6 79 -80 93 -28 53 -16 -125 56 33 2 -139 54 -133 212 -181 173 -74 179
73 -174 119 26 -101 -2 77 12 -33 -88 -61 30 -99 226 -283 322 -337 394 -259 322 -207 126 -113 -16 -37 28 19 -146 -1 -52 81 -198 75 50 -111 90 -67 110 -21 -18 57 -6 79 -80 93 -28 53 -16 -125 56 33 2 -139 54 -133 212 -181 173 -74 179 -128
Yes
0 19 -164 -134 29 -218 -374 -390 -524 -602 -566 77 -476 -332 -400 -402 -154 -48 -128 -18 152 246 233 268 290 382 580 578 508 488 552 388 395 254 104 481 455 633 613 391 263 517 293 87 13 145 -111 -233 -261 -259 -311 -453 -669 -587 -449 -473 -421 -399 -215 -45
19 -164 29 77 -134 233 395 481 455 633 613 -218 391 263 517 293 87 13 145 -111 -233 -261 -374 -259 -311 -453 -669 -587 -449 -473 -421 -399 -390 -215 -45 -524 -602 -566 -476 -332 -400 -402 -154 -48 -128 -18 152 246 268 290 382 580 578 508 488 552 388 254 104 0
No
Yes
-216 68 -216 78 -214 66 -214 64 -202 60 -206 66 -202 52 -188 46 -182 40 -182 38 -186 46 -184 44 -184 46 -194 44 -186 42 -190 50 -198 48 -190 46 -188 50 -186 42 -180 36 -176 36 92 -240 94 -238 88 -228 82 -224 78 -222 84 66 84 -228 88 -234 88 -236 94 -236 94 -234 92 -228 80 -72
68 -216 78 -214 66 -214 64 -202 60 -206 66 -202 52 -188 46 -182 40 -182 38 -186 46 -184 44 -184 46 -194 44 -186 42 -190 50 -198 48 -190 46 -188 50 -186 42 -180 36 -176 36 92 -240 94 -238 88 -228 82 -224 78 -222 84 66 84 -228 88 -234 88 -236 94 -236 94 -234 92 -228 80 -216 -72
No
Yes
409 -456 345 -260 279 -164 161 -230 347 -334 307 -386 411 -292 419 -566 543 -616 563 -516 419 -347 422 -297 376 -249 128 -96 72 39 -110 25 52 35 94 5 102 -49 -43 65 38 3 -96 225 -292 337 -476 343 -458 409 -350 367 -314 189 -170 113 -10 -250 361 -334 429 -490 547 -496 547 -502
-456 345 -260 279 -164 161 -230 347 -334 307 -386 411 -292 419 -566 543 -616 563 -516 419 -347 422 -297 376 -249 128 -96 72 39 -110 25 52 35 94 5 102 -49 -43 65 38 3 -96 225 -292 337 -476 343 -458 409 -350 367 -314 189 -170 113 -250 -10 361 -334 429 -490 547 -496 547 -502 409
No
Yes
197 -48 -36 89 -130 93 -134 175 -150 185 -322 183 -292 243 -339 259 -358 461 -417 336 -399 498 -384 253 -280 207 -176 288 -333 422 -422 349 -316 209 -118 -23 -31 117 -44 -25 -11 -92 139 -94 83 40 -99 206 -67 208 -259 133 -8 122 -79 37 -130 233 -260 233 -133 150 -185 153 -204
-48 -36 89 -130 93 -134 175 -150 185 -322 183 -292 243 -339 259 -358 461 -417 336 -399 498 -384 253 -280 207 -176 288 -333 422 -422 349 -316 209 -118 -23 -31 117 -44 -25 -11 -92 139 -94 83 40 -99 206 -67 208 -259 133 -8 122 -79 37 -130 233 -260 233 -133 150 -185 153 -204 197
Yes
95 42 79 -218 77 -216 81 -216 77 53 -196 59 -198 51 -198 57 -198 59 -206 63 -212 69 -206 65 -214 75 -216 81 -220 81 -220 83 -224 89 -234 99 -236 95 33 -170 31 -174 29 -172 35 -174 25 -162 17 -158 17 -158 15 -156 21 -156 9 -156 21 -156 13 -162 19 -166 31 83 -224 87 -232
42 79 -218 77 -216 81 -216 77 53 -196 59 -198 51 -198 57 -198 59 -206 63 -212 69 -206 65 -214 75 -216 81 -220 81 -220 83 -224 89 -234 99 -236 95 33 -170 31 -174 29 -172 35 -174 25 -162 17 -158 17 -158 15 -156 21 -156 9 -156 21 -156 13 -162 19 -166 31 83 -224 87 -232 95
Yes
43
43
Yes
251 -103 243 -103 240 -92 230 -87 228 -93 228 -304 445 -307 453 -303 170 -28 173 -31 173 -32 168 -18 153 -13 155 -15 165 -19 163 -23 172 -34 175 -39 177 -36 184 -36 172 -32 171 -29 167 -27 169 -29 169 -29 168 -20 -110 250 -114 250 -106 256 -110 253 -107 252 -112 256 -116 255 -111 71
-103 243 -103 240 -92 230 -87 228 -93 228 -304 445 -307 453 -303 170 -28 173 -31 173 -32 168 -18 153 -13 155 -15 165 -19 163 -23 172 -34 175 -39 177 -36 184 -36 172 -32 171 -29 167 -27 169 -29 169 -29 168 -20 -110 250 -114 250 -106 256 -110 253 -107 252 -112 256 -116 255 -111 251 71
